# Lower z bin, Mean z, Upper z bin, rho_HI [10^8 M_Sun Mpc^-3], rho_HI lower error, rho_HI upper error
0.000000000000000000e+00 0.000000000000000000e+00 0.000000000000000000e+00 5.999999999999999778e-01 1.000000000000000056e-01 1.000000000000000056e-01
0.000000000000000000e+00 0.000000000000000000e+00 0.000000000000000000e+00 5.100000000000000089e-01 8.999999999999999667e-02 8.999999999999999667e-02
0.000000000000000000e+00 0.000000000000000000e+00 0.000000000000000000e+00 1.030000000000000027e+00 1.700000000000000122e-01 1.700000000000000122e-01
2.800000000000000058e-02 2.800000000000000058e-02 2.800000000000000058e-02 6.500000000000000222e-01 5.999999999999999778e-02 1.300000000000000044e-01
9.600000000000000200e-02 9.600000000000000200e-02 9.600000000000000200e-02 7.299999999999999822e-01 1.000000000000000056e-01 1.300000000000000044e-01
5.999999999999999778e-02 5.999999999999999778e-02 5.999999999999999778e-02 3.699999999999999956e-01 1.100000000000000006e-01 1.100000000000000006e-01
1.000000000000000056e-01 1.000000000000000056e-01 1.000000000000000056e-01 5.300000000000000266e-01 8.000000000000000167e-02 8.000000000000000167e-02
2.000000000000000111e-01 2.000000000000000111e-01 2.000000000000000111e-01 5.500000000000000444e-01 1.400000000000000133e-01 1.400000000000000133e-01
2.399999999999999911e-01 2.399999999999999911e-01 2.399999999999999911e-01 1.110000000000000098e+00 4.899999999999999911e-01 4.899999999999999911e-01
2.000000000000000111e-01 3.000000000000000444e-01 4.000000000000000222e-01 6.199999999999999956e-01 8.999999999999999667e-02 8.999999999999999667e-02
2.000000000000000111e-01 1.000000000000000000e+00 1.800000000000000044e+00 9.899999999999999911e-01 3.599999999999999867e-01 5.500000000000000444e-01
1.100000000000000006e-01 3.599999999999999867e-01 6.099999999999999867e-01 1.110000000000000098e+00 3.699999999999999956e-01 3.699999999999999956e-01
6.099999999999999867e-01 7.500000000000000000e-01 8.900000000000000133e-01 9.599999999999999645e-01 2.300000000000000100e-01 2.300000000000000100e-01
8.900000000000000133e-01 1.270000000000000018e+00 1.649999999999999911e+00 1.080000000000000071e+00 4.199999999999999845e-01 4.199999999999999845e-01
1.000000000000000021e-02 2.449999999999999956e-01 4.799999999999999822e-01 4.000000000000000222e-01 1.900000000000000022e-01 3.099999999999999978e-01
1.000000000000000021e-02 8.050000000000000488e-01 1.600000000000000089e+00 3.300000000000000155e-01 1.600000000000000033e-01 2.600000000000000089e-01
1.550000000000000044e+00 1.774999999999999911e+00 2.000000000000000000e+00 1.010000000000000009e+00 2.899999999999999800e-01 3.400000000000000244e-01
2.000000000000000000e+00 2.350000000000000089e+00 2.700000000000000178e+00 1.449999999999999956e+00 2.999999999999999889e-01 3.400000000000000244e-01
2.700000000000000178e+00 3.100000000000000089e+00 3.500000000000000000e+00 1.330000000000000071e+00 2.999999999999999889e-01 3.499999999999999778e-01
3.500000000000000000e+00 4.174999999999999822e+00 4.849999999999999645e+00 8.199999999999999512e-01 2.700000000000000178e-01 2.999999999999999889e-01
1.550000000000000044e+00 2.140000000000000124e+00 2.729999999999999982e+00 2.129999999999999893e+00 8.599999999999999867e-01 1.280000000000000027e+00
2.729999999999999982e+00 2.969999999999999751e+00 3.209999999999999964e+00 7.900000000000000355e-01 3.800000000000000044e-01 6.300000000000000044e-01
3.209999999999999964e+00 3.854999999999999982e+00 4.500000000000000000e+00 1.780000000000000027e+00 4.199999999999999845e-01 4.899999999999999911e-01
2.000000000000000000e+00 2.149999999999999911e+00 2.299999999999999822e+00 1.419999999999999929e+00 7.000000000000000666e-02 7.000000000000000666e-02
2.299999999999999822e+00 2.450000000000000178e+00 2.600000000000000089e+00 1.250000000000000000e+00 5.999999999999999778e-02 5.999999999999999778e-02
2.600000000000000089e+00 2.750000000000000000e+00 2.899999999999999911e+00 1.500000000000000000e+00 7.000000000000000666e-02 7.000000000000000666e-02
2.899999999999999911e+00 3.049999999999999822e+00 3.200000000000000178e+00 1.580000000000000071e+00 1.100000000000000006e-01 1.100000000000000006e-01
3.200000000000000178e+00 3.350000000000000089e+00 3.500000000000000000e+00 1.830000000000000071e+00 1.900000000000000022e-01 1.900000000000000022e-01
2.200000000000000178e+00 2.299999999999999822e+00 2.399999999999999911e+00 7.399999999999999911e-01 1.300000000000000044e-01 1.300000000000000044e-01
2.399999999999999911e+00 2.549999999999999822e+00 2.700000000000000178e+00 1.000000000000000000e+00 1.100000000000000006e-01 1.100000000000000006e-01
2.700000000000000178e+00 2.850000000000000089e+00 3.000000000000000000e+00 1.000000000000000000e+00 1.000000000000000056e-01 1.000000000000000056e-01
3.000000000000000000e+00 3.250000000000000000e+00 3.500000000000000000e+00 1.399999999999999911e+00 1.199999999999999956e-01 1.199999999999999956e-01
3.500000000000000000e+00 3.750000000000000000e+00 4.000000000000000000e+00 1.620000000000000107e+00 2.800000000000000266e-01 2.800000000000000266e-01
4.000000000000000000e+00 4.750000000000000000e+00 5.500000000000000000e+00 1.580000000000000071e+00 2.999999999999999889e-01 3.400000000000000244e-01
2.549999999999999822e+00 2.974999999999999645e+00 3.399999999999999911e+00 1.479999999999999982e+00 5.000000000000000000e-01 6.600000000000000311e-01
3.399999999999999911e+00 3.615000000000000213e+00 3.830000000000000071e+00 1.310000000000000053e+00 4.500000000000000111e-01 5.100000000000000089e-01
3.830000000000000071e+00 4.429999999999999716e+00 5.030000000000000249e+00 1.159999999999999920e+00 4.199999999999999845e-01 5.200000000000000178e-01
3.560000000000000053e+00 4.004999999999999893e+00 4.450000000000000178e+00 1.870000000000000107e+00 4.000000000000000222e-01 4.199999999999999845e-01
4.450000000000000178e+00 4.879999999999999893e+00 5.309999999999999609e+00 1.560000000000000053e+00 2.700000000000000178e-01 3.099999999999999978e-01
