# Lower z bin, Mean z, Upper z bin, rho_H2 [10^8 M_Sun Mpc^-3], rho_H2 lower error, rho_H2 upper error
1.000000000000000021e-02 3.000000000000000236e-02 5.000000000000000278e-02 1.039999999999999952e-01 8.999999999999999320e-03 8.999999999999999320e-03
0.000000000000000000e+00 1.849999999999999978e-01 3.699999999999999956e-01 8.999999999999999320e-03 7.000000000000000146e-03 1.899999999999999953e-02
2.700000000000000178e-01 4.500000000000000111e-01 6.300000000000000044e-01 1.100000000000000006e-01 5.000000000000000278e-02 1.000000000000000056e-01
6.899999999999999467e-01 9.299999999999999378e-01 1.169999999999999929e+00 4.600000000000000200e-01 1.799999999999999933e-01 2.700000000000000178e-01
1.010000000000000009e+00 1.375000000000000000e+00 1.739999999999999991e+00 5.500000000000000444e-01 1.499999999999999944e-01 2.000000000000000111e-01
2.009999999999999787e+00 2.559999999999999609e+00 3.109999999999999876e+00 2.899999999999999800e-01 1.100000000000000006e-01 1.499999999999999944e-01
3.009999999999999787e+00 3.739999999999999769e+00 4.469999999999999751e+00 2.399999999999999911e-01 7.000000000000000666e-02 8.999999999999999667e-02
4.799999999999999822e-01 9.799999999999999822e-01 1.479999999999999982e+00 4.099999999999999756e-01 1.199999999999999956e-01 1.100000000000000006e-01
1.010000000000000009e+00 1.509999999999999787e+00 2.009999999999999787e+00 4.799999999999999822e-01 1.100000000000000006e-01 1.199999999999999956e-01
2.009999999999999787e+00 2.509999999999999787e+00 3.009999999999999787e+00 3.699999999999999956e-01 1.100000000000000006e-01 1.000000000000000056e-01
3.140000000000000124e+00 3.639999999999999680e+00 4.139999999999999680e+00 1.499999999999999944e-01 7.000000000000000666e-02 7.000000000000000666e-02
4.250000000000000000e+00 4.750000000000000000e+00 5.250000000000000000e+00 1.000000000000000056e-01 5.999999999999999778e-02 7.000000000000000666e-02
1.949999999999999956e+00 2.399999999999999911e+00 2.850000000000000089e+00 2.700000000000000178e-01 1.100000000000000006e-01 1.600000000000000033e-01
4.900000000000000355e+00 5.800000000000000711e+00 6.700000000000000178e+00 4.700000000000000011e-02 2.299999999999999961e-02 3.400000000000000244e-02
1.949999999999999956e+00 2.399999999999999911e+00 2.850000000000000089e+00 2.800000000000000266e-01 1.199999999999999956e-01 1.799999999999999933e-01
2.999999999999999889e-01 4.499999999999999556e-01 5.999999999999999778e-01 2.000000000000000111e-01 1.400000000000000133e-01 1.600000000000000033e-01
5.999999999999999778e-01 8.000000000000000444e-01 1.000000000000000000e+00 2.999999999999999889e-01 1.799999999999999933e-01 1.799999999999999933e-01
1.000000000000000000e+00 1.300000000000000044e+00 1.600000000000000089e+00 5.100000000000000089e-01 1.100000000000000006e-01 1.100000000000000006e-01
1.600000000000000089e+00 1.949999999999999956e+00 2.299999999999999822e+00 3.300000000000000155e-01 7.000000000000000666e-02 7.000000000000000666e-02
2.299999999999999822e+00 2.750000000000000000e+00 3.200000000000000178e+00 4.199999999999999845e-01 8.999999999999999667e-02 8.999999999999999667e-02
2.000000000000000111e-01 3.499999999999999778e-01 5.000000000000000000e-01 4.299999999999999933e-01 5.000000000000000278e-02 5.999999999999999778e-02
5.000000000000000000e-01 6.500000000000000222e-01 8.000000000000000444e-01 4.699999999999999734e-01 7.000000000000000666e-02 8.000000000000000167e-02
8.000000000000000444e-01 9.500000000000000666e-01 1.100000000000000089e+00 5.899999999999999689e-01 8.999999999999999667e-02 1.000000000000000056e-01
1.100000000000000089e+00 1.300000000000000044e+00 1.500000000000000000e+00 8.399999999999999689e-01 1.300000000000000044e-01 1.400000000000000133e-01
1.500000000000000000e+00 1.750000000000000000e+00 2.000000000000000000e+00 9.000000000000000222e-01 1.300000000000000044e-01 1.600000000000000033e-01
2.000000000000000000e+00 2.250000000000000000e+00 2.500000000000000000e+00 7.399999999999999911e-01 1.100000000000000006e-01 1.199999999999999956e-01
2.500000000000000000e+00 2.750000000000000000e+00 3.000000000000000000e+00 6.300000000000000044e-01 8.999999999999999667e-02 1.100000000000000006e-01
3.000000000000000000e+00 3.500000000000000000e+00 4.000000000000000000e+00 3.599999999999999867e-01 5.000000000000000278e-02 5.999999999999999778e-02
2.000000000000000111e-01 4.000000000000000222e-01 5.999999999999999778e-01 2.300000000000000100e-01 5.000000000000000278e-02 5.999999999999999778e-02
6.999999999999999556e-01 8.499999999999999778e-01 1.000000000000000000e+00 5.999999999999999778e-01 1.700000000000000122e-01 1.799999999999999933e-01
1.000000000000000000e+00 1.500000000000000000e+00 2.000000000000000000e+00 4.799999999999999822e-01 7.000000000000000666e-02 8.999999999999999667e-02
